168	652	6
118	657	6
119	657	6
114	642	6
112	647	6
117	642	6
106	642	6
105	642	6
104	642	6
103	642	6
99	657	6
98	642	6
97	642	6
94	642	6
93	657	6
224	657	6
225	642	6
226	652	6
216	642	6
227	642	6
229	642	6
230	642	6
233	642	6
236	642	6
238	652	6
242	642	6
243	652	6
247	652	6
249	642	6
221	642	6
222	642	6
8	642	6
17	642	6
20	642	6
2	642	6
16	642	6
4	657	6
6	652	6
14	642	6
13	642	6
12	642	6
11	647	6
7	642	6
9	657	6
3	642	6
146	642	6
89	657	6
70	647	6
50	642	6
51	642	6
52	642	6
53	642	6
85	642	6
84	642	6
83	642	6
81	657	6
78	657	6
77	657	6
75	642	6
74	642	6
71	642	6
69	642	6
68	642	6
67	642	6
66	642	6
65	642	6
64	642	6
63	642	6
62	642	6
59	642	6
58	642	6
57	642	6
56	642	6
124	652	6
123	652	6
122	652	6
120	652	6
